trade_date,datetime,open,high,low,close,volume,open_oi,close_oi
2023-08-18,2023-08-18 00:00:00+08:00,888.0,936.0,821.8,936.0,3036.0,0.0,1346.0
2023-08-21,2023-08-21 00:00:00+08:00,996.0,1024.0,962.6,1017.3,9639.0,1346.0,2917.0
2023-08-22,2023-08-22 00:00:00+08:00,972.0,1095.3,972.0,1044.0,18443.0,2917.0,3567.0
2023-08-23,2023-08-23 00:00:00+08:00,1048.0,1124.3,1045.0,1083.6,19205.0,3567.0,3649.0
2023-08-24,2023-08-24 00:00:00+08:00,1098.0,1105.0,990.6,1016.0,20054.0,3649.0,3336.0
2023-08-25,2023-08-25 00:00:00+08:00,1020.0,1029.6,964.3,1006.4,16726.0,3336.0,3185.0
2023-08-28,2023-08-28 00:00:00+08:00,1036.2,1036.2,951.8,983.0,9614.0,3185.0,3012.0
2023-08-29,2023-08-29 00:00:00+08:00,980.1,1015.2,956.2,1003.0,10533.0,3012.0,3231.0
2023-08-30,2023-08-30 00:00:00+08:00,1007.1,1025.0,1000.3,1010.6,8370.0,3231.0,2998.0
2023-08-31,2023-08-31 00:00:00+08:00,1010.0,1018.8,990.3,1003.0,5409.0,2998.0,2806.0
2023-09-01,2023-09-01 00:00:00+08:00,1007.5,1027.8,1000.3,1009.7,4571.0,2806.0,2496.0
2023-09-04,2023-09-04 00:00:00+08:00,1009.0,1021.0,987.1,995.9,4017.0,2496.0,2371.0
2023-09-05,2023-09-05 00:00:00+08:00,1002.0,1099.4,995.4,1071.0,20078.0,2371.0,3126.0
2023-09-06,2023-09-06 00:00:00+08:00,1077.0,1087.9,1047.4,1060.5,9774.0,3126.0,2651.0
2023-09-07,2023-09-07 00:00:00+08:00,1060.5,1079.2,1046.5,1058.6,3963.0,2651.0,2512.0
2023-09-08,2023-09-08 00:00:00+08:00,1059.6,1066.7,1029.0,1031.0,2608.0,2512.0,2353.0
2023-09-11,2023-09-11 00:00:00+08:00,1033.0,1057.7,1025.0,1038.3,1598.0,2353.0,2298.0
2023-09-12,2023-09-12 00:00:00+08:00,1039.0,1049.8,1035.2,1036.8,940.0,2298.0,2250.0
2023-09-13,2023-09-13 00:00:00+08:00,1042.5,1042.9,1007.2,1009.7,1372.0,2250.0,2135.0
2023-09-14,2023-09-14 00:00:00+08:00,1013.9,1016.3,990.2,991.8,764.0,2135.0,2077.0
2023-09-15,2023-09-15 00:00:00+08:00,995.1,1003.7,989.6,999.0,666.0,2077.0,1956.0
2023-09-18,2023-09-18 00:00:00+08:00,960.1,1019.0,960.1,1009.0,1066.0,1956.0,1865.0
2023-09-19,2023-09-19 00:00:00+08:00,999.7,1013.5,992.4,994.0,568.0,1865.0,1925.0
2023-09-20,2023-09-20 00:00:00+08:00,998.9,1011.1,998.0,1006.0,406.0,1925.0,1925.0
2023-09-21,2023-09-21 00:00:00+08:00,1008.8,1008.8,977.0,979.1,545.0,1925.0,1977.0
2023-09-22,2023-09-22 00:00:00+08:00,988.8,990.0,974.6,985.0,606.0,1977.0,2051.0
2023-09-25,2023-09-25 00:00:00+08:00,986.4,996.6,958.4,958.6,632.0,2051.0,2061.0
2023-09-26,2023-09-26 00:00:00+08:00,958.6,958.6,880.6,880.6,2305.0,2061.0,2298.0
2023-09-27,2023-09-27 00:00:00+08:00,881.2,890.0,836.4,854.0,2483.0,2298.0,2269.0
2023-09-28,2023-09-28 00:00:00+08:00,854.0,869.1,809.0,837.0,1516.0,2269.0,2411.0
2023-10-09,2023-10-09 00:00:00+08:00,818.8,863.3,801.0,858.1,1656.0,2411.0,2451.0
2023-10-10,2023-10-10 00:00:00+08:00,860.0,860.0,826.4,831.7,2484.0,2451.0,2457.0
2023-10-11,2023-10-11 00:00:00+08:00,838.0,865.5,833.2,855.8,1664.0,2457.0,2336.0
2023-10-12,2023-10-12 00:00:00+08:00,856.9,916.8,841.8,906.5,2033.0,2336.0,2258.0
2023-10-13,2023-10-13 00:00:00+08:00,900.0,917.0,883.8,895.4,1479.0,2258.0,2483.0
2023-10-16,2023-10-16 00:00:00+08:00,904.0,927.7,874.8,880.0,2028.0,2483.0,2600.0
2023-10-17,2023-10-17 00:00:00+08:00,880.0,880.0,813.5,815.2,3961.0,2600.0,3656.0
2023-10-18,2023-10-18 00:00:00+08:00,816.9,844.8,810.9,820.5,4405.0,3656.0,3629.0
2023-10-19,2023-10-19 00:00:00+08:00,820.5,864.7,813.1,860.1,3134.0,3629.0,3561.0
2023-10-20,2023-10-20 00:00:00+08:00,860.1,879.0,830.4,849.2,2867.0,3561.0,3245.0
2023-10-23,2023-10-23 00:00:00+08:00,855.3,879.0,846.1,865.8,2259.0,3245.0,3232.0
2023-10-24,2023-10-24 00:00:00+08:00,860.0,882.7,855.0,872.1,1172.0,3232.0,3122.0
2023-10-25,2023-10-25 00:00:00+08:00,873.0,880.8,843.1,848.6,1199.0,3122.0,3096.0
2023-10-26,2023-10-26 00:00:00+08:00,857.0,867.5,850.0,863.7,1094.0,3096.0,3120.0
2023-10-27,2023-10-27 00:00:00+08:00,858.0,870.8,857.4,866.9,779.0,3120.0,3150.0
2023-10-30,2023-10-30 00:00:00+08:00,876.0,900.0,876.0,896.5,862.0,3150.0,3074.0
2023-10-31,2023-10-31 00:00:00+08:00,895.3,895.3,864.3,873.3,783.0,3074.0,3167.0
2023-11-01,2023-11-01 00:00:00+08:00,872.0,884.0,868.5,875.0,434.0,3167.0,3163.0
2023-11-02,2023-11-02 00:00:00+08:00,878.7,878.7,847.1,855.0,448.0,3163.0,3186.0
2023-11-03,2023-11-03 00:00:00+08:00,859.9,870.4,857.1,869.7,304.0,3186.0,3157.0
2023-11-06,2023-11-06 00:00:00+08:00,873.4,874.0,858.6,869.4,414.0,3157.0,3124.0
2023-11-07,2023-11-07 00:00:00+08:00,867.2,867.2,836.4,840.0,1598.0,3124.0,3229.0
2023-11-08,2023-11-08 00:00:00+08:00,852.0,852.0,829.6,846.4,564.0,3229.0,3354.0
2023-11-09,2023-11-09 00:00:00+08:00,846.8,852.0,830.7,835.9,573.0,3354.0,3563.0
2023-11-10,2023-11-10 00:00:00+08:00,839.7,858.8,839.7,850.3,562.0,3563.0,3557.0
2023-11-13,2023-11-13 00:00:00+08:00,850.5,856.1,836.0,852.9,559.0,3557.0,3550.0
2023-11-14,2023-11-14 00:00:00+08:00,875.8,917.2,870.8,877.0,1386.0,3550.0,3619.0
2023-11-15,2023-11-15 00:00:00+08:00,883.7,891.0,879.6,885.0,441.0,3619.0,3583.0
2023-11-16,2023-11-16 00:00:00+08:00,885.3,893.8,881.8,893.5,588.0,3583.0,3529.0
2023-11-17,2023-11-17 00:00:00+08:00,893.5,893.5,867.6,880.6,544.0,3529.0,3478.0
2023-11-20,2023-11-20 00:00:00+08:00,884.5,899.0,876.0,877.2,390.0,3478.0,3479.0
2023-11-21,2023-11-21 00:00:00+08:00,870.1,880.5,851.0,851.6,611.0,3479.0,3493.0
2023-11-22,2023-11-22 00:00:00+08:00,853.2,864.2,850.1,861.6,316.0,3493.0,3512.0
2023-11-23,2023-11-23 00:00:00+08:00,855.4,858.8,843.6,858.4,536.0,3512.0,3550.0
2023-11-24,2023-11-24 00:00:00+08:00,861.2,894.7,859.9,885.7,633.0,3550.0,3552.0
2023-11-27,2023-11-27 00:00:00+08:00,888.0,902.5,881.8,889.6,541.0,3552.0,3472.0
2023-11-28,2023-11-28 00:00:00+08:00,885.5,925.6,883.7,915.9,691.0,3472.0,3483.0
2023-11-29,2023-11-29 00:00:00+08:00,927.7,966.0,909.8,924.1,756.0,3483.0,3509.0
2023-11-30,2023-11-30 00:00:00+08:00,931.6,991.0,921.5,982.7,1851.0,3509.0,3334.0
2023-12-01,2023-12-01 00:00:00+08:00,978.3,1010.0,975.4,992.8,1782.0,3334.0,3096.0
2023-12-04,2023-12-04 00:00:00+08:00,992.8,1050.1,992.8,1019.6,3288.0,3096.0,3176.0
2023-12-05,2023-12-05 00:00:00+08:00,1025.0,1033.6,930.8,999.8,3888.0,3176.0,3172.0
2023-12-06,2023-12-06 00:00:00+08:00,1000.4,1057.0,990.3,1027.1,4029.0,3172.0,3249.0
2023-12-07,2023-12-07 00:00:00+08:00,1027.1,1067.8,1018.0,1063.6,2960.0,3249.0,3176.0
2023-12-08,2023-12-08 00:00:00+08:00,1069.1,1087.1,1030.9,1057.0,2773.0,3176.0,3013.0
2023-12-11,2023-12-11 00:00:00+08:00,1070.3,1072.9,1021.3,1048.3,1452.0,3013.0,2959.0
2023-12-12,2023-12-12 00:00:00+08:00,1063.2,1065.0,1029.0,1043.1,1687.0,2959.0,2966.0
2023-12-13,2023-12-13 00:00:00+08:00,1036.3,1037.6,1000.0,1033.0,2164.0,2966.0,2707.0
2023-12-14,2023-12-14 00:00:00+08:00,1040.4,1059.0,1022.3,1028.9,1855.0,2707.0,2744.0
2023-12-15,2023-12-15 00:00:00+08:00,1030.0,1038.6,1020.1,1037.6,1291.0,2744.0,2792.0
2023-12-18,2023-12-18 00:00:00+08:00,1065.2,1133.3,1065.2,1133.3,5493.0,2792.0,4371.0
2023-12-19,2023-12-19 00:00:00+08:00,1151.3,1202.2,1116.3,1163.6,17718.0,4371.0,5810.0
2023-12-20,2023-12-20 00:00:00+08:00,1163.6,1170.0,1071.1,1098.0,32895.0,5810.0,9599.0
2023-12-21,2023-12-21 00:00:00+08:00,1095.0,1130.6,1054.0,1079.0,45308.0,9599.0,13954.0
2023-12-22,2023-12-22 00:00:00+08:00,1084.4,1191.6,1033.7,1137.4,149287.0,13954.0,20506.0
2023-12-25,2023-12-25 00:00:00+08:00,1092.0,1092.0,1024.8,1026.6,24246.0,20506.0,15835.0
2023-12-26,2023-12-26 00:00:00+08:00,1035.3,1175.0,1024.0,1134.3,72596.0,15835.0,20213.0
2023-12-27,2023-12-27 00:00:00+08:00,1164.0,1293.6,1150.1,1262.8,106505.0,20213.0,20390.0
2023-12-28,2023-12-28 00:00:00+08:00,1200.0,1385.0,1160.0,1329.2,54505.0,20390.0,16348.0
2023-12-29,2023-12-29 00:00:00+08:00,1300.0,1366.8,1222.1,1358.1,39764.0,16348.0,14703.0
2024-01-02,2024-01-02 00:00:00+08:00,1504.4,1539.1,1504.4,1539.1,1530.0,14703.0,14388.0
2024-01-03,2024-01-03 00:00:00+08:00,1848.5,1848.5,1819.5,1848.5,14131.0,14388.0,12863.0
2024-01-04,2024-01-04 00:00:00+08:00,2150.0,2268.0,1858.0,2261.6,40793.0,12863.0,12060.0
2024-01-05,2024-01-05 00:00:00+08:00,2220.0,2220.0,2003.5,2116.6,25622.0,12060.0,11853.0
2024-01-08,2024-01-08 00:00:00+08:00,2265.0,2270.0,1876.4,1896.0,19164.0,11853.0,11163.0
2024-01-09,2024-01-09 00:00:00+08:00,1600.0,1666.0,1594.3,1594.3,1816.0,11163.0,10498.0
2024-01-10,2024-01-10 00:00:00+08:00,1349.0,1715.0,1340.2,1618.0,18896.0,10498.0,10632.0
2024-01-11,2024-01-11 00:00:00+08:00,1699.8,1709.6,1605.0,1610.4,7219.0,10632.0,10279.0
2024-01-12,2024-01-12 00:00:00+08:00,1700.0,1949.0,1650.0,1849.0,16641.0,10279.0,10934.0
2024-01-15,2024-01-15 00:00:00+08:00,1899.0,1955.0,1736.6,1740.0,10665.0,10934.0,10531.0
2024-01-16,2024-01-16 00:00:00+08:00,1858.0,1880.0,1715.0,1725.0,7524.0,10531.0,10054.0
2024-01-17,2024-01-17 00:00:00+08:00,1695.0,1812.8,1555.0,1564.4,9637.0,10054.0,9531.0
2024-01-18,2024-01-18 00:00:00+08:00,1592.0,1630.0,1471.6,1532.9,7694.0,9531.0,9094.0
2024-01-19,2024-01-19 00:00:00+08:00,1555.1,1557.8,1433.9,1497.6,7921.0,9094.0,8795.0
2024-01-22,2024-01-22 00:00:00+08:00,1488.8,1668.0,1439.0,1649.9,7324.0,8795.0,8667.0
2024-01-23,2024-01-23 00:00:00+08:00,1649.9,1699.0,1571.8,1625.0,6070.0,8667.0,8450.0
2024-01-24,2024-01-24 00:00:00+08:00,1624.9,1649.0,1551.0,1561.2,4440.0,8450.0,8317.0
2024-01-25,2024-01-25 00:00:00+08:00,1600.0,1613.4,1545.8,1567.0,2273.0,8317.0,8132.0
2024-01-26,2024-01-26 00:00:00+08:00,1582.0,1620.0,1538.0,1561.9,2727.0,8132.0,8249.0
2024-01-29,2024-01-29 00:00:00+08:00,1569.7,1609.6,1518.0,1540.0,2011.0,8249.0,7987.0
2024-01-30,2024-01-30 00:00:00+08:00,1500.0,1580.1,1495.1,1547.6,2482.0,7987.0,7917.0
2024-01-31,2024-01-31 00:00:00+08:00,1573.0,1573.0,1513.0,1533.3,1200.0,7917.0,7528.0
2024-02-01,2024-02-01 00:00:00+08:00,1550.0,1553.7,1518.6,1541.0,842.0,7528.0,7304.0
2024-02-02,2024-02-02 00:00:00+08:00,1497.9,1497.9,1310.0,1353.8,5364.0,7304.0,6676.0
2024-02-05,2024-02-05 00:00:00+08:00,1390.0,1462.0,1352.0,1410.0,2330.0,6676.0,6243.0
2024-02-06,2024-02-06 00:00:00+08:00,1420.0,1440.0,1380.0,1420.0,1257.0,6243.0,6118.0
2024-02-07,2024-02-07 00:00:00+08:00,1425.1,1607.0,1413.6,1513.1,3418.0,6118.0,6347.0
2024-02-08,2024-02-08 00:00:00+08:00,1513.1,1579.0,1485.0,1527.0,1412.0,6347.0,5993.0
2024-02-19,2024-02-19 00:00:00+08:00,1598.6,1598.6,1520.1,1540.0,1078.0,5993.0,6115.0
2024-02-20,2024-02-20 00:00:00+08:00,1544.7,1544.7,1474.1,1488.8,1191.0,6115.0,5982.0
2024-02-21,2024-02-21 00:00:00+08:00,1488.8,1548.0,1460.1,1501.4,1153.0,5982.0,6086.0
2024-02-22,2024-02-22 00:00:00+08:00,1500.1,1530.0,1485.5,1522.0,588.0,6086.0,6051.0
2024-02-23,2024-02-23 00:00:00+08:00,1476.2,1564.1,1476.2,1530.5,755.0,6051.0,5987.0
2024-02-26,2024-02-26 00:00:00+08:00,1519.9,1533.0,1469.0,1478.2,754.0,5987.0,5976.0
2024-02-27,2024-02-27 00:00:00+08:00,1479.0,1479.0,1369.1,1401.0,1857.0,5976.0,5610.0
2024-02-28,2024-02-28 00:00:00+08:00,1405.3,1418.8,1371.3,1408.9,867.0,5610.0,5448.0
2024-02-29,2024-02-29 00:00:00+08:00,1380.0,1448.9,1380.0,1401.3,769.0,5448.0,5451.0
2024-03-01,2024-03-01 00:00:00+08:00,1392.5,1392.5,1322.3,1342.0,1245.0,5451.0,5239.0
2024-03-04,2024-03-04 00:00:00+08:00,1333.5,1397.0,1306.1,1384.0,1225.0,5239.0,5304.0
2024-03-05,2024-03-05 00:00:00+08:00,1388.1,1410.2,1331.1,1340.0,935.0,5304.0,5227.0
2024-03-06,2024-03-06 00:00:00+08:00,1315.0,1377.6,1300.0,1342.9,879.0,5227.0,5309.0
2024-03-07,2024-03-07 00:00:00+08:00,1338.8,1384.9,1338.8,1348.0,817.0,5309.0,5331.0
2024-03-08,2024-03-08 00:00:00+08:00,1352.0,1374.4,1347.9,1363.1,347.0,5331.0,5278.0
2024-03-11,2024-03-11 00:00:00+08:00,1362.9,1408.0,1350.2,1352.3,867.0,5278.0,5181.0
2024-03-12,2024-03-12 00:00:00+08:00,1385.0,1385.0,1325.7,1348.0,454.0,5181.0,5031.0
2024-03-13,2024-03-13 00:00:00+08:00,1341.2,1358.9,1332.1,1334.7,352.0,5031.0,5006.0
2024-03-14,2024-03-14 00:00:00+08:00,1336.0,1366.4,1327.1,1335.0,541.0,5006.0,4921.0
2024-03-15,2024-03-15 00:00:00+08:00,1335.0,1358.6,1305.5,1350.0,977.0,4921.0,4834.0
2024-03-18,2024-03-18 00:00:00+08:00,1350.0,1408.9,1350.0,1383.2,809.0,4834.0,4805.0
2024-03-19,2024-03-19 00:00:00+08:00,1400.0,1467.0,1390.2,1414.7,1280.0,4805.0,5003.0
2024-03-20,2024-03-20 00:00:00+08:00,1428.8,1432.3,1363.0,1410.1,887.0,5003.0,5022.0
2024-03-21,2024-03-21 00:00:00+08:00,1415.1,1603.6,1399.1,1598.0,3595.0,5022.0,6017.0
2024-03-22,2024-03-22 00:00:00+08:00,1598.0,1633.0,1521.6,1549.9,4394.0,6017.0,6237.0
2024-03-25,2024-03-25 00:00:00+08:00,1600.0,1705.4,1566.8,1694.0,4710.0,6237.0,7019.0
2024-03-26,2024-03-26 00:00:00+08:00,1637.0,1676.2,1535.0,1570.2,4454.0,7019.0,6750.0
2024-03-27,2024-03-27 00:00:00+08:00,1600.0,1634.0,1525.0,1618.4,3317.0,6750.0,6835.0
2024-03-28,2024-03-28 00:00:00+08:00,1590.0,1629.9,1557.6,1605.7,2374.0,6835.0,6446.0
2024-03-29,2024-03-29 00:00:00+08:00,1607.9,1636.3,1563.0,1594.1,2029.0,6446.0,6286.0
2024-04-01,2024-04-01 00:00:00+08:00,1571.0,1667.0,1571.0,1636.2,2535.0,6286.0,6442.0
2024-04-02,2024-04-02 00:00:00+08:00,1658.0,1816.0,1658.0,1814.7,4581.0,6442.0,7366.0
2024-04-03,2024-04-03 00:00:00+08:00,1816.0,1937.0,1816.0,1879.0,7766.0,7366.0,7903.0
2024-04-08,2024-04-08 00:00:00+08:00,1797.9,1840.0,1675.9,1796.9,6382.0,7903.0,7563.0
2024-04-09,2024-04-09 00:00:00+08:00,1805.0,1880.0,1800.1,1832.0,4067.0,7563.0,8039.0
2024-04-10,2024-04-10 00:00:00+08:00,1950.0,1980.4,1885.0,1963.0,5245.0,8039.0,8847.0
2024-04-11,2024-04-11 00:00:00+08:00,1950.0,2008.9,1885.4,1892.3,5498.0,8847.0,8303.0
2024-04-12,2024-04-12 00:00:00+08:00,1924.4,2015.0,1883.2,2010.0,5414.0,8303.0,8886.0
2024-04-15,2024-04-15 00:00:00+08:00,2005.0,2128.0,1961.0,2128.0,6447.0,8886.0,10587.0
2024-04-16,2024-04-16 00:00:00+08:00,2135.0,2210.3,2091.3,2164.9,10540.0,10587.0,11782.0
2024-04-17,2024-04-17 00:00:00+08:00,2185.0,2219.0,2088.0,2218.1,8411.0,11782.0,12801.0
2024-04-18,2024-04-18 00:00:00+08:00,2200.0,2349.0,2200.0,2347.9,11158.0,12801.0,14578.0
2024-04-19,2024-04-19 00:00:00+08:00,2352.0,2638.0,2330.1,2550.5,23955.0,14578.0,15194.0
2024-04-22,2024-04-22 00:00:00+08:00,2555.0,2615.0,2455.0,2527.0,11655.0,15194.0,15989.0
2024-04-23,2024-04-23 00:00:00+08:00,2540.0,2600.0,2490.2,2568.1,13112.0,15989.0,17433.0
2024-04-24,2024-04-24 00:00:00+08:00,2579.0,2819.0,2579.0,2813.3,20176.0,17433.0,21867.0
2024-04-25,2024-04-25 00:00:00+08:00,2950.0,2977.0,2830.0,2940.0,22870.0,21867.0,23612.0
2024-04-26,2024-04-26 00:00:00+08:00,2975.0,2976.0,2760.0,2948.0,30176.0,23612.0,25531.0
2024-04-29,2024-04-29 00:00:00+08:00,2948.0,2948.0,2450.0,2550.0,37320.0,25531.0,22088.0
2024-04-30,2024-04-30 00:00:00+08:00,2620.0,2781.1,2580.0,2781.1,26545.0,22088.0,23418.0
2024-05-06,2024-05-06 00:00:00+08:00,2749.9,2846.0,2703.1,2836.0,17345.0,23418.0,25026.0
2024-05-07,2024-05-07 00:00:00+08:00,2820.0,2894.4,2743.0,2800.0,23811.0,25026.0,27250.0
2024-05-08,2024-05-08 00:00:00+08:00,2825.0,2866.0,2790.0,2864.9,16660.0,27250.0,28688.0
2024-05-09,2024-05-09 00:00:00+08:00,2900.0,3170.0,2890.0,3162.6,37595.0,28688.0,34904.0
2024-05-10,2024-05-10 00:00:00+08:00,3250.0,3545.7,3230.0,3499.8,55954.0,34904.0,36415.0
2024-05-13,2024-05-13 00:00:00+08:00,3586.0,3932.6,3570.0,3932.6,50392.0,36415.0,40416.0
2024-05-14,2024-05-14 00:00:00+08:00,3994.9,4159.5,3678.0,3795.7,88162.0,40416.0,40093.0
2024-05-15,2024-05-15 00:00:00+08:00,3860.0,4038.0,3668.0,4033.5,80686.0,40093.0,46232.0
2024-05-16,2024-05-16 00:00:00+08:00,4260.1,4321.9,3900.0,3931.0,98549.0,46232.0,47915.0
2024-05-17,2024-05-17 00:00:00+08:00,4100.0,4110.0,3834.0,4003.5,75370.0,47915.0,47309.0
2024-05-20,2024-05-20 00:00:00+08:00,4070.0,4194.9,3870.0,4191.5,58733.0,47309.0,47941.0
2024-05-21,2024-05-21 00:00:00+08:00,4200.0,4362.0,4071.9,4288.9,71906.0,47941.0,49195.0
2024-05-22,2024-05-22 00:00:00+08:00,4300.0,4317.1,4081.3,4145.0,51002.0,49195.0,47634.0
2024-05-23,2024-05-23 00:00:00+08:00,4120.0,4183.0,3956.0,4128.0,54251.0,47634.0,47481.0
2024-05-24,2024-05-24 00:00:00+08:00,4183.0,4244.5,4101.0,4229.3,32201.0,47481.0,47667.0
2024-05-27,2024-05-27 00:00:00+08:00,4280.0,4329.0,4205.0,4313.1,34513.0,47667.0,49745.0
2024-05-28,2024-05-28 00:00:00+08:00,4330.0,4444.0,4165.0,4193.4,42954.0,49745.0,49521.0
2024-05-29,2024-05-29 00:00:00+08:00,4190.0,4297.0,4110.0,4260.0,34907.0,49521.0,48771.0
2024-05-30,2024-05-30 00:00:00+08:00,4240.0,4314.0,4095.0,4138.0,32724.0,48771.0,47989.0
2024-05-31,2024-05-31 00:00:00+08:00,4138.0,4301.0,4075.8,4297.5,39686.0,47989.0,48676.0
2024-06-03,2024-06-03 00:00:00+08:00,4280.0,4391.2,4100.0,4188.6,46603.0,48676.0,49179.0
2024-06-04,2024-06-04 00:00:00+08:00,4248.0,4635.0,4177.0,4614.9,70685.0,49179.0,51147.0
2024-06-05,2024-06-05 00:00:00+08:00,4600.0,4600.0,4380.0,4480.0,60077.0,51147.0,47985.0
2024-06-06,2024-06-06 00:00:00+08:00,4496.0,4628.0,4489.0,4592.0,31683.0,47985.0,46850.0
2024-06-07,2024-06-07 00:00:00+08:00,4546.0,4739.0,4546.0,4728.2,34884.0,46850.0,45217.0
2024-06-11,2024-06-11 00:00:00+08:00,4720.0,4798.9,4200.0,4419.5,76911.0,45217.0,44816.0
2024-06-12,2024-06-12 00:00:00+08:00,4434.1,4579.0,4333.0,4570.3,42754.0,44816.0,46762.0
2024-06-13,2024-06-13 00:00:00+08:00,4671.0,4680.0,4462.0,4650.9,41526.0,46762.0,48618.0
2024-06-14,2024-06-14 00:00:00+08:00,4690.0,4750.0,4631.0,4744.8,27438.0,48618.0,49122.0
2024-06-17,2024-06-17 00:00:00+08:00,4750.1,4845.0,4620.0,4834.0,35103.0,49122.0,50498.0
2024-06-18,2024-06-18 00:00:00+08:00,4930.1,5028.0,4868.0,5028.0,31717.0,50498.0,51701.0
2024-06-19,2024-06-19 00:00:00+08:00,5022.9,5059.0,4887.9,4917.4,31291.0,51701.0,51633.0
2024-06-20,2024-06-20 00:00:00+08:00,4950.0,5300.3,4940.0,5297.9,44192.0,51633.0,50663.0
2024-06-21,2024-06-21 00:00:00+08:00,5276.0,5298.0,5111.0,5289.8,34251.0,50663.0,46729.0
2024-06-24,2024-06-24 00:00:00+08:00,5288.0,5422.5,5235.0,5399.0,26238.0,46729.0,45399.0
2024-06-25,2024-06-25 00:00:00+08:00,5300.0,5338.2,5225.0,5294.9,24263.0,45399.0,44331.0
2024-06-26,2024-06-26 00:00:00+08:00,5230.0,5275.0,5058.6,5149.2,32898.0,44331.0,42275.0
2024-06-27,2024-06-27 00:00:00+08:00,5100.0,5215.0,5033.0,5197.9,25005.0,42275.0,41604.0
2024-06-28,2024-06-28 00:00:00+08:00,5215.0,5293.0,5160.0,5226.0,22964.0,41604.0,40113.0
2024-07-01,2024-07-01 00:00:00+08:00,5320.0,5385.0,5217.3,5322.0,19253.0,40113.0,39994.0
2024-07-02,2024-07-02 00:00:00+08:00,5458.8,5579.1,5388.0,5575.0,24968.0,39994.0,39754.0
2024-07-03,2024-07-03 00:00:00+08:00,5555.0,5650.0,5528.0,5632.2,19548.0,39754.0,37614.0
2024-07-04,2024-07-04 00:00:00+08:00,5588.0,5811.0,5541.0,5788.8,19784.0,37614.0,36324.0
2024-07-05,2024-07-05 00:00:00+08:00,5675.1,5772.3,5500.0,5700.9,31258.0,36324.0,34856.0
2024-07-08,2024-07-08 00:00:00+08:00,5597.9,5598.0,5375.0,5430.0,42963.0,34856.0,36996.0
2024-07-09,2024-07-09 00:00:00+08:00,5475.0,5618.0,5470.0,5604.8,21241.0,36996.0,34891.0
2024-07-10,2024-07-10 00:00:00+08:00,5700.0,5799.0,5671.6,5745.3,17437.0,34891.0,33777.0
2024-07-11,2024-07-11 00:00:00+08:00,5728.0,5743.8,5322.0,5488.0,36242.0,33777.0,34405.0
2024-07-12,2024-07-12 00:00:00+08:00,5515.0,5550.0,5350.0,5499.9,28692.0,34405.0,33616.0
2024-07-15,2024-07-15 00:00:00+08:00,5587.0,5664.3,5460.0,5600.0,15733.0,33616.0,31188.0
2024-07-16,2024-07-16 00:00:00+08:00,5800.0,5800.0,5641.5,5793.0,15818.0,31188.0,29496.0
2024-07-17,2024-07-17 00:00:00+08:00,5754.0,5789.4,5650.0,5700.0,11261.0,29496.0,27239.0
2024-07-18,2024-07-18 00:00:00+08:00,5700.0,5700.0,5574.0,5600.0,11035.0,27239.0,26636.0
2024-07-19,2024-07-19 00:00:00+08:00,5520.4,5590.0,5460.0,5530.6,9354.0,26636.0,25669.0
2024-07-22,2024-07-22 00:00:00+08:00,5548.0,5593.9,5430.0,5507.7,10302.0,25669.0,25437.0
2024-07-23,2024-07-23 00:00:00+08:00,5670.0,5748.9,5600.0,5688.0,11263.0,25437.0,23803.0
2024-07-24,2024-07-24 00:00:00+08:00,5640.0,5725.0,5634.3,5715.0,4383.0,23803.0,22433.0
2024-07-25,2024-07-25 00:00:00+08:00,5700.0,5785.0,5673.0,5717.0,5492.0,22433.0,20657.0
2024-07-26,2024-07-26 00:00:00+08:00,5719.0,5738.0,5625.0,5709.0,4064.0,20657.0,19550.0
2024-07-29,2024-07-29 00:00:00+08:00,5706.6,5780.0,5692.1,5776.0,3833.0,19550.0,17838.0
2024-07-30,2024-07-30 00:00:00+08:00,5701.1,5727.3,5655.0,5717.0,3242.0,17838.0,16247.0
2024-07-31,2024-07-31 00:00:00+08:00,5680.0,5684.0,5630.0,5657.0,2745.0,16247.0,15351.0
2024-08-01,2024-08-01 00:00:00+08:00,5600.9,5601.0,5513.0,5534.9,2895.0,15351.0,14949.0
2024-08-02,2024-08-02 00:00:00+08:00,5511.0,5599.9,5511.0,5599.0,1280.0,14949.0,14549.0
2024-08-05,2024-08-05 00:00:00+08:00,5587.9,5643.0,5571.0,5627.0,1423.0,14549.0,13980.0
2024-08-06,2024-08-06 00:00:00+08:00,5650.0,5713.0,5643.0,5711.1,1567.0,13980.0,13030.0
2024-08-07,2024-08-07 00:00:00+08:00,5710.0,5718.0,5695.2,5715.0,781.0,13030.0,12701.0
2024-08-08,2024-08-08 00:00:00+08:00,5650.0,5707.0,5640.1,5686.9,1770.0,12701.0,11710.0
2024-08-09,2024-08-09 00:00:00+08:00,5678.0,5693.2,5650.0,5668.0,985.0,11710.0,11262.0
2024-08-12,2024-08-12 00:00:00+08:00,5700.0,5700.0,5648.0,5684.8,1013.0,11262.0,10865.0
2024-08-13,2024-08-13 00:00:00+08:00,5725.0,5738.0,5711.4,5734.8,1366.0,10865.0,10011.0
2024-08-14,2024-08-14 00:00:00+08:00,5725.0,5747.3,5716.6,5735.1,1358.0,10011.0,8900.0
2024-08-15,2024-08-15 00:00:00+08:00,5730.0,5745.0,5730.0,5740.2,833.0,8900.0,8305.0
2024-08-16,2024-08-16 00:00:00+08:00,5742.9,5748.6,5720.0,5723.6,738.0,8305.0,7918.0
2024-08-19,2024-08-19 00:00:00+08:00,5749.0,5758.0,5746.0,5754.0,1376.0,7918.0,7562.0
2024-08-20,2024-08-20 00:00:00+08:00,5801.0,5849.0,5800.0,5845.0,1768.0,7562.0,6397.0
2024-08-21,2024-08-21 00:00:00+08:00,5845.0,5850.9,5835.0,5850.5,1005.0,6397.0,5503.0
2024-08-22,2024-08-22 00:00:00+08:00,5840.0,5866.0,5839.5,5863.0,1003.0,5503.0,4609.0
2024-08-23,2024-08-23 00:00:00+08:00,5864.0,5864.0,5850.0,5859.3,583.0,4609.0,4076.0
2024-08-26,2024-08-26 00:00:00+08:00,5864.8,5885.8,5845.1,5878.5,1069.0,4076.0,3318.0
